,Overall Importance,Features,NO,<30,>30,Overall Importance ABS
12,0.10263648871068559,race_5,0.10263648871068559,-0.018522164105325634,-0.08411432460536374,0.10263648871068559
60,0.06539967110293135,insulin_Steady,0.06539967110293135,-0.019591750325357343,-0.04580792077757293,0.06539967110293135
20,0.047503695503272846,A1Cresult_Norm,0.047503695503272846,-0.015071374319101606,-0.0324323211841724,0.047503695503272846
10,0.04678941066411428,race_3,0.04678941066411428,-0.0075002829959044046,-0.03928912766821006,0.04678941066411428
2,0.04500998390938003,num_procedures,0.04500998390938003,-0.014828118255345744,-0.03018186565403364,0.04500998390938003
22,0.04068785838904496,metformin_Steady,0.04068785838904496,-0.03067530257108416,-0.010012555817964635,0.04068785838904496
9,0.038819964202147644,race_2,0.038819964202147644,-0.009235055790590778,-0.029584908411557646,0.038819964202147644
16,0.0377390551602461,max_glu_serum_None,0.0377390551602461,-0.026247481540621773,-0.011491573619616849,0.0377390551602461
59,0.0330651415665767,insulin_No,0.0330651415665767,-0.0458533699427135,0.01278822837613476,0.0330651415665767
11,0.03253149088046563,race_4,0.03253149088046563,-0.0030071730256865594,-0.02952431785477701,0.03253149088046563
23,0.027680283325238742,metformin_Up,0.027680283325238742,-0.017059496658972054,-0.010620786666264937,0.027680283325238742
17,0.026664599171126915,max_glu_serum_Norm,0.026664599171126915,0.004438460894579044,-0.031103060065703455,0.026664599171126915
24,0.02484937276218271,repaglinide_No,0.02484937276218271,-0.014115913997217705,-0.01073345876495911,0.02484937276218271
37,0.02449118959333838,glipizide_No,0.02449118959333838,-0.01359169437955825,-0.01089949521377735,0.02449118959333838
13,0.020821238363946983,gender_1,0.020821238363946983,0.007709357668977644,-0.028530596032910593,0.020821238363946983
8,0.020338568917829383,race_1,0.020338568917829383,-0.006607211111431513,-0.013731357806394354,0.020338568917829383
50,0.016852738129347063,acarbose_No,0.016852738129347063,0.006404060229625821,-0.023256798358958383,0.016852738129347063
42,0.015312695464621563,glyburide_Up,0.015312695464621563,-0.008034438667141567,-0.007278256797481146,0.015312695464621563
69,0.013238008834889419,change_No,0.013238008834889419,-0.0027363789716223865,-0.010501629863266079,0.013238008834889419
44,0.012926535601307845,pioglitazone_No,0.012926535601307845,0.01219793878442306,-0.025124474385722708,0.012926535601307845
47,0.01237184155308387,rosiglitazone_No,0.01237184155308387,0.021263191577388697,-0.033635033130479934,0.01237184155308387
62,0.012092325703902186,glyburide-metformin_No,0.012092325703902186,-0.006149275531889196,-0.005943050172001282,0.012092325703902186
35,0.0077658815841900155,glimepiride_Up,0.0077658815841900155,-0.0011622302560476794,-0.006603651328142404,0.0077658815841900155
49,0.006333300146005895,rosiglitazone_Up,0.006333300146005895,-0.0004306879036112121,-0.005902612242394465,0.006333300146005895
27,0.00572102991811803,nateglinide_No,0.00572102991811803,-0.004765398283286354,-0.0009556316348197187,0.00572102991811803
30,0.00501050698728972,chlorpropamide_No,0.00501050698728972,0.0006912500850890812,-0.00570175707236026,0.00501050698728972
26,0.003092659454347951,repaglinide_Up,0.003092659454347951,0.005751218959574177,-0.00884387841392235,0.003092659454347951
34,0.002900440254626331,glimepiride_Steady,0.002900440254626331,-0.020857207176707922,0.01795676692207958,0.002900440254626331
53,0.0022658334935563573,miglitol_No,0.0022658334935563573,-0.0015274730016510995,-0.000738360491889604,0.0022658334935563573
64,0.0020605837593654216,glyburide-metformin_Up,0.0020605837593654216,-0.0006388916604018321,-0.001421692098963557,0.0020605837593654216
57,0.0019942320814456726,tolazamide_Steady,0.0019942320814456726,-0.0005371580203031308,-0.0014570740611424976,0.0019942320814456726
29,0.0014013324647573857,nateglinide_Up,0.0014013324647573857,-0.0017371550497146055,0.00033582258495720447,0.0014013324647573857
43,0.001296299511197524,tolbutamide_Steady,0.001296299511197524,-0.0007312810805579823,-0.0005650184306395278,0.001296299511197524
14,0.0005892647886219271,gender_3,0.0005892647886219271,-0.00012974767000388374,-0.00045951711861805147,0.0005892647886219271
67,0.00046229632687186194,metformin-rosiglitazone_Steady,0.00046229632687186194,-0.00011406526818902509,-0.00034823105868283513,0.00046229632687186194
54,0.00043153448520272974,miglitol_Steady,0.00043153448520272974,-0.0016616308365385028,0.0012300963513357972,0.00043153448520272974
68,0.0003320035260783611,metformin-pioglitazone_Steady,0.0003320035260783611,-7.769608823648052e-05,-0.0002543074378418636,0.0003320035260783611
55,5.8539213035109454e-05,miglitol_Up,5.8539213035109454e-05,-0.0002598518304184483,0.0002013126173833469,5.8539213035109454e-05
36,0.0,acetohexamide_Steady,0.0,0.0,0.0,0.0
66,0.0,glimepiride-pioglitazone_Steady,0.0,0.0,0.0,0.0
58,-0.0004900987930995064,tolazamide_Up,-0.0004900987930995064,-0.00011369456231129272,0.0006037933554107881,0.0004900987930995064
56,-0.0005443979075512513,troglitazone_Steady,-0.0005443979075512513,-0.00032616601101315005,0.0008705639185644055,0.0005443979075512513
61,-0.0011362996388447572,insulin_Up,-0.0011362996388447572,0.003049771592004808,-0.0019134719531602045,0.0011362996388447572
65,-0.0014405514628841219,glipizide-metformin_Steady,-0.0014405514628841219,-0.0003176829183759167,0.0017582343812600702,0.0014405514628841219
31,-0.001741786720546268,chlorpropamide_Steady,-0.001741786720546268,-0.002118670995698088,0.0038604577162443658,0.001741786720546268
52,-0.001782699211125879,acarbose_Up,-0.001782699211125879,0.0011004747514229464,0.000682224459702973,0.001782699211125879
40,-0.0017906366396506803,glyburide_No,-0.0017906366396506803,0.0031964050222066743,-0.001405768382555365,0.0017906366396506803
32,-0.0019756875871146957,chlorpropamide_Up,-0.0019756875871146957,-0.0007676975429574409,0.0027433851300720834,0.0019756875871146957
45,-0.0031741296106879368,pioglitazone_Steady,-0.0031741296106879368,-0.017051943297766048,0.020226072908456415,0.0031741296106879368
39,-0.0034797903058411237,glipizide_Up,-0.0034797903058411237,0.007674952150918448,-0.0041951618450772775,0.0034797903058411237
18,-0.0044878687425387595,A1Cresult_>8,-0.0044878687425387595,-0.032377887397254244,0.0368657561397944,0.0044878687425387595
28,-0.005924899209179442,nateglinide_Steady,-0.005924899209179442,0.004288078990396867,0.0016368202187828436,0.005924899209179442
33,-0.007013051546164349,glimepiride_No,-0.007013051546164349,0.015796833948808306,-0.008783782402645761,0.007013051546164349
46,-0.007753361720234916,pioglitazone_Up,-0.007753361720234916,0.001455386199329378,0.006297975520905504,0.007753361720234916
41,-0.009391181006943616,glyburide_Steady,-0.009391181006943616,0.009316254615961394,7.492639098237256e-05,0.009391181006943616
3,-0.011110820922255474,num_medications,-0.011110820922255474,0.027317278073823188,-0.016206457151568415,0.011110820922255474
38,-0.011130315974455393,glipizide_Steady,-0.011130315974455393,-0.007758528824082018,0.01888884479853872,0.011130315974455393
63,-0.01370813088628997,glyburide-metformin_Steady,-0.01370813088628997,0.004080453968383981,0.009627676917905602,0.01370813088628997
51,-0.014147502320342774,acarbose_Steady,-0.014147502320342774,-0.010198715937538343,0.02434621825788163,0.014147502320342774
25,-0.02560374519956543,repaglinide_Steady,-0.02560374519956543,0.008094970171914736,0.017508775027651826,0.02560374519956543
48,-0.027412276212148222,rosiglitazone_Steady,-0.027412276212148222,-0.02068319846681612,0.04809547467896445,0.027412276212148222
1,-0.03048274510334008,num_lab_procedures,-0.03048274510334008,0.004592795820415506,0.02588994928293102,0.03048274510334008
0,-0.0326175868002345,time_in_hospital,-0.0326175868002345,0.04222096379892559,-0.009603376998690807,0.0326175868002345
15,-0.04220127862733775,max_glu_serum_>300,-0.04220127862733775,0.010941824966895662,0.0312594536604407,0.04220127862733775
4,-0.05791405094676442,number_outpatient,-0.05791405094676442,-0.00030813559995927054,0.05822218654671407,0.05791405094676442
19,-0.05808435170708834,A1Cresult_None,-0.05808435170708834,0.05392369134035277,0.00416066036673035,0.05808435170708834
21,-0.06459874717152295,metformin_No,-0.06459874717152295,0.04238268274987519,0.02221606442164403,0.06459874717152295
7,-0.10449992733077444,number_diagnoses,-0.10449992733077444,0.043890005524870344,0.06060992180586406,0.10449992733077444
5,-0.12707573137516517,number_emergency,-0.12707573137516517,0.06586941975873813,0.061206311616427776,0.12707573137516517
70,-0.1315031882385063,diabetesMed_Yes,-0.1315031882385063,0.05348699484965005,0.07801619338888043,0.1315031882385063
6,-0.3293837084344135,number_inpatient,-0.3293837084344135,0.23847157503914582,0.09091213339527475,0.3293837084344135
